65,6,2532,166,125,0.60,0.80,38998,80415,6.19,20.16,27.35,36.13,1.00,21.36,22.75,61.88,183.83,1.0,342,1036602,81
26,39,1722,139,114,0.20,0.20,163304,47725,14.60,18.40,18.00,0.00,13.40,0.40,0.40,21.60,37.00,1.0,229,1016514,91
3,1,544,80,27,1.00,0.40,368791,4454,0.00,0.00,0.00,0.00,0.40,0.00,0.00,49.40,70.60,2.4,850,1716526,96
60,31,6355,358,264,6.00,13.80,251366,242337,0.00,0.00,0.00,0.00,0.00,13.60,25.40,439.20,593.00,3.8,3155,1653723,62
2,1,237,20,19,0.20,0.20,9384,10394,0.00,0.00,0.00,0.00,0.00,0.00,0.00,17.64,17.03,1.0,6368,1852585,98
2,1,1806,125,86,0.40,0.60,55432,53360,0.80,0.80,0.80,0.00,0.60,1.00,1.20,33.87,38.48,1.0,180,1129489,93
5,1,2879,309,414,2.60,4.20,113841,52053,0.00,0.00,0.00,0.00,0.00,1.40,2.80,116.20,201.80,4.4,1722,1698174,87
20,4,2581,322,165,0.40,0.40,32867,12276,0.00,0.00,0.00,0.00,0.00,19.00,22.80,26.60,97.00,3.4,3887,1414698,90
11,2,1820,112,84,2.60,2.20,17805,17394,0.00,0.00,0.00,0.00,0.20,2.20,2.20,117.60,204.40,1.4,558,1021718,93
80,64,3594,390,263,2.00,7.41,543460,115695,17.03,39.88,84.57,160.12,14.23,22.85,45.49,151.30,297.80,2.5,206,1041760,77
0,0,1376,38,67,0.20,0.20,4051,31919,0.80,1.00,1.00,0.00,0.60,23.40,23.40,15.60,74.80,1.2,262,1750968,96
5,0,2392,234,182,1.40,1.60,352015,308529,18.76,65.67,132.14,256.09,0.00,31.54,61.28,69.66,113.77,2.0,123,1057613,85
2,1,3985,235,135,0.80,2.60,8082,67275,4.40,7.60,6.00,0.00,0.80,0.40,0.40,38.60,64.20,1.2,235,1129376,89
31,43,2638,113,95,0.40,2.20,128196,125266,2.80,3.00,3.00,0.00,0.60,3.40,6.80,33.60,57.80,2.4,250,1542064,91
8,3,819,84,105,1.20,1.00,123070,102258,0.00,0.00,0.00,0.00,0.20,14.40,27.00,66.40,115.60,1.0,459,1063021,93
46,57,2290,270,180,2.60,4.80,399432,25519,2.20,2.40,3.20,1.40,7.60,5.20,6.00,156.20,280.80,1.0,236,1100771,85
0,0,174,10,10,0.20,0.20,1016,4634,0.00,0.00,0.00,0.00,0.00,0.60,1.00,15.60,16.80,1.0,1827,1781192,98
0,0,1228,57,72,0.20,0.20,10301,108556,0.00,0.00,0.00,0.00,0.00,0.20,0.40,13.20,16.80,1.8,6800,1860962,95
4,1,3133,285,168,1.20,1.60,106492,21962,1.80,2.20,9.60,47.40,1.00,14.40,29.20,79.60,142.40,1.0,159,1101843,89
2,0,574,95,46,1.59,1.59,50802,21976,0.00,0.00,0.00,0.00,0.00,2.39,3.59,141.43,134.86,2.2,896,1784027,86
8,2,4784,416,240,1.20,1.60,442876,110453,7.82,24.85,79.16,129.06,0.40,35.27,48.70,106.81,329.86,2.4,205,1011407,77
14,2,2429,115,104,2.40,4.00,201506,61210,0.00,0.00,0.00,0.00,0.00,3.00,5.80,181.00,262.80,2.8,1024,1543222,88
11,2,1687,76,115,0.40,0.40,76103,93789,0.00,0.00,0.00,0.00,0.60,9.22,9.22,42.89,83.57,1.0,631,1068366,93
10,6,2502,226,83,0.80,1.60,319639,286931,0.00,0.00,0.00,0.00,0.00,1.20,2.40,47.40,71.60,3.2,3079,1345570,95
3,0,917,74,268,0.60,1.20,80639,66461,0.00,0.00,0.00,0.00,0.00,0.40,0.40,58.60,71.20,1.8,1718,1816878,88
2,0,2990,198,139,0.20,0.20,54856,115878,0.00,0.00,0.00,0.00,0.00,1.20,1.40,28.80,43.20,4.8,548,1019227,89
0,0,201,26,25,0.20,0.20,587,8785,0.00,0.00,0.00,0.00,0.00,0.20,0.40,15.60,17.20,1.0,1308,1745672,97
45,4,2415,116,65,11.40,11.80,111258,24508,0.00,0.00,0.00,0.00,0.20,0.80,0.80,396.80,768.40,791,77,23,0
1,0,1139,85,43,0.20,0.20,25711,5372,0.00,0.00,0.00,0.00,0.00,2.00,2.00,15.60,16.80,1.8,492,1742376,92
51,1,4103,279,205,11.40,32.40,174616,60155,7.00,19.20,44.80,78.40,0.40,6.40,9.80,391.80,749.20,2.0,155,1089586,61
7,2,6741,458,380,2.00,2.20,129326,509497,17.37,57.29,93.21,179.84,0.80,68.06,79.84,147.11,342.32,1.0,267,986973,70
29,43,985,111,87,1.20,1.20,277901,23626,1.00,1.20,1.20,0.00,1.60,43.60,43.80,85.80,188.80,3.0,298,1054046,91
4,1,3256,591,502,1.60,3.40,343778,335048,1.00,1.00,1.00,0.00,0.40,2.00,2.20,79.80,120.40,2.3,289,1129867,85
13,19,746,39,19,0.20,0.20,107834,10108,0.00,0.00,0.00,0.00,0.00,0.00,0.00,17.00,21.00,1.4,553,1752816,96
10,0,4690,495,465,7.40,2.60,249492,58996,5.40,10.40,7.60,0.00,0.40,0.00,0.00,359.60,520.40,4.2,3782,1720078,74
11,16,161,10,18,0.20,0.20,8627,10411,0.00,0.00,0.00,0.00,0.00,0.00,0.00,15.40,16.80,1.0,7306,1873272,97
1,0,2907,185,161,0.20,0.20,5274,77481,0.00,0.00,0.00,0.00,0.40,8.00,8.00,15.40,33.60,1.2,153,1064822,91
1,0,371,53,85,0.20,0.20,8026,81321,0.00,0.00,0.00,0.00,0.00,0.00,0.00,16.80,18.60,2.2,6601,1706384,96
2,1,199,19,18,0.40,0.40,31182,11487,0.00,0.00,0.00,0.00,0.00,0.00,0.00,36.80,40.00,1.0,8337,1864566,98
13,8,4349,300,191,2.80,3.00,96009,70467,0.00,0.00,0.00,0.00,0.00,2.80,3.20,129.00,236.80,2.2,772,993909,83
53,1,4919,189,149,0.99,2.58,333491,64310,1.98,8.13,12.10,14.48,1.79,6.75,8.13,112.10,105.16,3.2,150,1504125,86
2,0,3952,272,185,2.40,4.19,108374,56949,7.39,11.18,22.16,41.32,0.40,4.59,5.19,116.97,256.29,1.0,173,983393,85
9,0,1356,176,89,1.20,1.40,642889,434490,0.00,0.00,0.00,0.00,1.20,9.80,18.60,129.20,203.00,406,88,12,0
1,1,218,15,36,0.20,0.20,11913,29452,0.00,0.00,0.00,0.00,0.00,0.80,1.60,15.40,16.80,1.0,7451,1876208,99
1,0,214,30,32,0.20,0.20,2422,6393,0.00,0.00,0.00,0.00,0.00,0.20,0.20,17.37,20.96,2.0,489,1738949,93
0,0,2358,254,186,0.20,0.20,128305,68723,3.40,5.60,5.40,0.00,0.20,5.40,5.60,21.60,97.80,1.7,275,1018675,90
1,0,2184,278,135,0.40,0.40,339524,188087,0.00,0.00,0.00,0.00,0.00,12.20,12.40,42.40,66.20,5.0,2834,1604205,92
3,0,982,153,24,0.20,0.20,144680,5430,0.00,0.00,0.00,0.00,0.00,0.00,0.00,46.80,71.40,2.4,4038,1716050,95
0,0,1290,67,78,0.20,0.20,5529,31271,0.40,0.40,0.40,0.00,0.00,1.00,1.00,15.20,29.00,1.0,230,1046680,96
1,0,1493,47,64,0.20,0.20,18589,12370,0.40,0.60,0.60,0.00,0.00,0.80,1.40,17.60,25.60,2.4,165,1709802,96
1,0,1136,108,53,0.60,0.60,139798,33742,0.00,0.00,0.00,0.00,0.00,1.00,1.00,44.20,56.60,1.6,505,1748077,88
9,2,2363,217,143,6.99,20.96,170241,56440,2.59,7.58,25.15,65.27,1.20,14.77,23.75,242.51,442.32,1.3,117,1112195,75
14,4,3441,404,348,6.40,2.00,194491,41018,3.80,6.60,13.40,19.20,1.00,2.00,4.00,329.00,471.20,3.6,187,1710275,81
5,0,1363,202,149,1.20,1.00,8169,26982,0.00,0.00,0.00,0.00,0.00,0.80,0.80,78.20,90.20,2.0,538,978795,92
1,1,1762,77,93,0.20,0.20,6978,56709,2.20,13.60,42.00,73.60,0.20,43.00,43.00,15.60,87.00,1.6,127,1129587,91
1,1,166,10,13,0.00,0.00,7601,43378,0.00,0.00,0.00,0.00,0.00,0.00,0.00,0.80,3.60,1.0,7065,1854920,97
35,17,6334,365,246,5.60,10.20,447472,85784,3.60,6.00,6.00,0.00,2.20,33.20,38.60,326.20,659.20,7.2,727,1290646,62
18,14,2213,265,185,0.60,0.60,135093,112728,3.60,6.00,6.00,0.00,1.40,8.00,10.20,69.60,88.40,2.0,190,1065816,88
2,1,1393,135,111,0.40,0.40,12864,54844,0.00,0.00,0.00,0.00,0.00,1.40,1.40,31.20,86.20,1.0,699,1062579,95
36,51,1700,145,113,0.20,0.20,265148,97093,0.00,0.00,0.00,0.00,0.00,1.20,1.20,22.00,43.20,1.0,1211,1100832,89
50,59,678,54,96,0.40,0.20,54423,111830,0.00,0.00,0.00,0.00,0.00,0.60,0.80,20.20,22.60,1.0,495,1065461,94
80,89,2360,231,184,2.60,1.60,234714,46287,0.00,0.00,0.00,0.00,0.20,17.60,18.80,165.20,316.60,4.6,7774,1365789,86
2,1,306,18,26,1.00,1.00,18417,62482,0.00,0.00,0.00,0.00,0.00,0.00,0.00,69.40,74.00,1.2,7544,1865267,95
15,9,5763,322,275,4.20,3.40,225329,158009,0.00,0.00,0.00,0.00,0.00,0.60,0.60,266.20,356.80,6.2,1164,1614413,78
1,0,459,93,44,0.20,0.20,333283,30776,0.00,0.00,0.00,0.00,0.00,0.60,0.60,20.80,19.60,2.6,2006,1719051,94
2,1,3440,219,187,0.60,0.60,163473,64164,0.00,0.00,0.00,0.00,1.20,5.21,7.41,205.81,162.53,1.8,735,1123065,83
5,3,842,52,30,1.00,1.20,118262,20988,0.00,0.00,0.00,0.00,0.00,0.40,0.40,87.80,111.60,1.4,6699,1840197,93
1,0,3162,262,164,1.00,0.40,263084,234498,0.00,0.00,0.00,0.00,0.00,0.80,0.80,52.60,71.80,4.8,1358,1616242,91
8,0,1646,162,129,1.20,1.20,29000,67970,4.41,7.82,7.62,0.00,0.40,6.81,9.02,246.09,123.45,1.7,200,1073063,90
14,17,442,20,13,4.01,2.61,53077,7000,0.00,0.00,0.00,0.00,0.00,0.00,0.00,139.48,216.83,1.0,9034,1877243,95
10,1,2728,242,216,8.78,17.96,347537,75449,4.19,34.53,51.50,165.27,0.60,30.74,56.29,333.13,581.24,1.0,153,1100479,71
1,0,4748,256,168,0.80,3.00,11643,46726,0.00,0.00,0.00,0.00,0.00,2.80,2.80,32.20,70.80,1.3,726,1116712,86
64,1,1877,196,186,2.79,2.20,53123,30434,0.00,0.00,0.00,0.00,0.00,7.39,8.98,182.24,234.73,4.0,962,1125137,86
7,1,2766,314,264,6.99,2.40,246241,11230,0.00,0.00,0.00,0.00,0.00,0.00,0.00,345.91,489.02,3.2,7164,1858774,81
0,0,2879,140,148,0.20,0.20,5634,34852,0.00,0.00,0.00,0.00,0.00,0.20,0.20,15.60,16.80,2.4,266,1709136,93
3,0,4115,247,134,1.20,4.00,199866,106274,0.00,0.00,0.00,0.00,0.00,2.60,3.60,68.40,113.80,2.6,3433,1428013,87
0,0,423,30,25,0.20,0.20,1119,11172,0.00,0.00,0.00,0.00,0.00,0.20,0.20,15.60,17.00,3.0,1279,1712942,98
44,43,985,148,130,0.20,0.20,29097,34174,1.20,1.20,1.20,0.00,0.80,10.40,14.60,23.00,179.20,1.4,219,990363,92
1,1,372,25,33,0.20,0.20,7977,18631,0.00,0.00,0.00,0.00,0.00,0.00,0.00,15.60,17.00,1.0,7591,1869464,97
51,76,2023,193,101,0.20,0.20,130770,18136,0.00,0.00,0.00,0.00,0.00,1.00,1.20,15.80,19.00,2.4,3438,1710080,91
28,28,2755,385,340,7.82,2.20,249104,74852,0.00,0.00,0.00,0.00,0.00,0.00,0.00,372.75,548.30,2.0,7525,1868382,78
4,0,1511,87,61,1.20,3.60,28598,3684,0.00,0.00,0.00,0.00,0.00,9.80,11.20,54.00,122.00,2.0,409,1382992,94
2,0,426,38,30,2.20,2.20,78934,43817,0.00,0.00,0.00,0.00,0.00,4.20,5.80,190.20,177.60,1.0,2438,1796808,80
26,36,5731,312,224,0.80,0.80,155004,264757,0.00,0.00,0.00,0.00,3.20,0.20,0.20,48.80,134.00,3.2,249,1383946,81
86,106,2765,294,132,2.20,3.20,813180,55605,0.00,0.00,0.00,0.00,0.20,36.00,38.20,184.20,329.80,1.8,822,1050037,84
75,32,1442,166,163,0.40,0.40,392078,277539,22.36,46.71,46.71,0.00,2.79,33.73,64.67,35.13,82.63,3.8,251,1597281,86
1,1,224,27,22,0.20,0.20,93905,10793,0.00,0.00,0.00,0.00,0.00,0.20,0.20,15.63,16.83,2.2,7426,1869323,97
8,1,1986,229,137,1.00,1.40,265319,76638,0.00,0.00,0.00,0.00,0.00,0.00,0.00,96.00,131.20,3.4,2606,1540563,92
3,1,1909,303,103,1.00,4.01,1150630,27113,1.00,1.00,1.80,3.61,2.00,8.42,9.02,55.31,250.10,2.6,220,1099550,88
3,1,3109,210,383,0.80,1.00,123627,36022,1.20,7.40,16.00,23.20,0.60,7.80,8.60,67.20,98.60,2.2,203,1051835,85
5,0,594,107,67,2.00,2.00,46657,16271,0.00,0.00,0.00,0.00,0.00,0.00,0.00,76.60,132.20,2.0,1263,1767294,88
42,54,3844,490,336,4.98,2.79,380591,28167,0.40,0.40,15.34,59.96,4.98,6.97,10.16,304.58,518.92,2.2,151,998441,78
0,0,281,26,29,0.20,0.20,22484,40083,0.00,0.00,0.00,0.00,0.00,0.00,0.00,15.57,16.77,1.0,1852,1763705,90
36,49,1216,62,55,0.20,0.20,89409,9037,0.00,0.00,0.00,0.00,0.00,1.00,1.20,18.96,20.56,1.2,653,1728966,95
14,2,4407,228,211,1.00,1.20,46198,34261,1.20,1.20,1.20,0.00,1.00,13.60,17.20,82.40,151.40,2.0,420,1065842,84
5,0,1950,448,175,3.20,3.00,556152,25751,0.00,0.00,0.00,0.00,0.00,8.60,14.60,248.80,406.40,3.0,1297,1047098,74
1,1,154,8,12,0.20,0.20,7001,10981,0.00,0.00,0.00,0.00,0.00,0.00,0.00,15.40,16.80,1.0,7265,1875328,99
50,3,4572,219,101,9.18,21.76,505063,27195,2.99,3.59,7.19,8.18,9.18,5.39,6.59,377.05,637.13,3.0,165,1086970,69
4,2,1652,228,135,0.60,2.00,155437,16671,1.40,5.61,9.82,12.42,1.80,14.63,14.83,56.11,177.76,5.0,618,1124457,88
8,2,2725,176,97,2.20,2.40,409928,62603,0.00,0.00,0.00,0.00,0.20,7.00,11.40,111.60,334.20,6.4,1472,1309614,79
1,1,418,54,42,0.20,0.20,1439,17874,0.00,0.00,0.00,0.00,0.00,0.20,0.40,15.77,18.56,1.0,693,1731210,98
0,0,282,38,30,0.20,0.20,29983,7955,0.00,0.00,0.00,0.00,0.00,0.00,0.00,16.20,19.40,2.0,845,1722362,98
6,0,3304,376,142,1.20,2.40,1166853,25980,3.81,21.44,56.51,153.91,2.81,3.41,22.04,81.56,194.79,2.5,165,1092721,82
5,3,3618,246,176,0.20,0.20,100084,224588,5.20,12.40,14.60,6.20,0.40,3.20,5.00,15.40,54.60,3.8,181,1519798,89
27,16,3967,790,204,2.59,2.59,1889308,578939,72.26,163.27,208.38,195.41,0.00,13.17,16.57,190.82,354.29,171,68,30,0
4,2,234,13,15,0.80,0.40,14481,11215,0.00,0.00,0.00,0.00,0.00,0.00,0.00,47.40,63.80,1.0,6132,1856736,97
10,9,579,87,71,0.60,2.00,22680,20401,0.00,0.00,0.00,0.00,0.00,0.80,0.80,53.20,65.00,2.6,843,1008656,96
6,1,1434,154,101,2.60,5.80,53733,35765,0.00,0.00,0.00,0.00,0.40,3.80,4.00,138.20,217.20,1.0,2943,1011101,89
10,0,2045,322,283,6.00,1.40,168307,29811,0.60,0.80,0.80,0.00,0.20,1.20,1.20,267.60,372.40,1.4,346,1741760,82
6,3,1698,120,71,0.40,0.40,43357,36278,0.00,0.00,0.00,0.00,0.00,3.80,7.20,30.20,46.20,2.4,1703,1546931,94
1,1,1537,129,53,0.40,1.80,70679,42282,0.00,0.00,0.00,0.00,0.00,5.20,9.40,21.40,33.20,2.0,1727,1074430,92
15,11,3371,223,174,3.00,4.60,48615,22997,0.80,0.80,0.80,0.00,1.20,13.40,13.60,195.00,244.60,3.2,231,987485,85
6,5,3402,106,99,0.60,0.60,23385,58740,1.80,1.80,1.80,0.00,0.60,1.20,2.00,49.20,115.40,1.7,326,989523,91
1,0,1874,107,114,0.60,0.40,20679,184797,0.00,0.00,0.00,0.00,0.00,1.20,1.40,53.80,126.60,2.6,835,1017366,91
27,32,2899,249,194,3.19,2.40,72150,117011,6.39,12.77,9.18,0.00,0.20,16.77,19.56,166.07,314.17,2.0,361,1059804,82
62,84,1034,71,54,0.20,0.20,92170,79203,0.00,0.00,0.00,0.00,0.00,0.20,0.20,64.74,38.65,2.8,1303,1844602,95
5,1,1871,99,96,0.40,0.40,13170,37286,0.00,0.00,0.00,0.00,0.40,0.20,0.40,37.80,48.80,1.0,1059,1055131,93
1,0,1132,32,30,0.20,0.20,5381,22916,1.40,1.40,1.40,0.00,0.00,0.60,0.80,16.60,18.80,3.2,172,1714160,96
16,11,4393,810,380,1.19,0.99,495757,300434,0.00,0.00,0.00,0.00,0.60,36.78,42.94,68.99,250.89,1.0,433,987322,79
25,1,1109,83,72,5.00,3.20,136175,19238,4.00,5.80,17.00,36.00,1.40,0.60,0.60,208.80,332.80,2.4,314,1744074,83
3,0,1192,134,183,0.60,2.20,120758,22028,1.00,4.20,21.60,45.00,0.40,15.80,18.00,49.80,103.80,1.7,140,1057594,92
14,19,440,28,92,1.20,1.20,53079,609753,68.60,134.80,134.80,0.00,0.00,1.40,2.00,115.60,98.60,2.2,283,1783810,80
6,2,2239,84,106,0.80,0.80,28054,60978,0.00,0.00,0.00,0.00,0.00,4.20,5.80,47.40,73.20,3.6,490,1504586,84
55,68,4149,462,267,3.40,1.60,531019,385011,0.40,0.80,0.80,0.00,0.20,47.80,56.40,193.00,375.80,403,73,26,0
17,14,960,51,45,2.20,2.00,43138,21762,0.00,0.00,0.00,0.00,0.40,4.20,5.40,117.20,182.80,1.0,1133,1093691,94
98,105,2663,421,153,0.60,0.40,603068,499815,0.00,0.00,0.00,0.00,0.00,6.00,6.20,37.40,69.00,1.2,451,1044634,87
33,42,2995,183,140,0.40,0.40,41711,69821,0.00,0.00,0.00,0.00,0.20,0.20,0.20,31.40,60.40,1.0,598,1077210,88
21,14,4043,483,428,6.00,1.60,200212,31160,0.60,0.60,0.60,0.00,0.00,0.20,0.20,290.20,432.40,1.0,235,1074389,80
2,1,2648,257,164,0.40,0.60,106551,27902,0.00,0.00,0.00,0.00,0.00,0.80,1.20,34.87,71.14,2.0,916,1054447,89
1,1,2444,91,152,0.20,0.20,86880,23199,1.80,3.20,2.60,0.00,0.00,10.80,21.00,15.60,25.00,2.8,321,1703744,92
1,0,1743,149,150,0.40,2.00,64164,244496,0.00,0.00,0.00,0.00,0.00,0.60,0.60,31.80,63.80,3.0,393,1527189,93
57,55,1123,107,79,0.20,0.20,20746,36718,0.00,0.00,0.00,0.00,0.00,1.40,8.20,23.40,34.00,1.4,941,972674,93
33,40,731,112,72,2.79,2.99,318492,36947,0.00,0.00,0.00,0.00,0.00,2.40,2.59,227.94,225.55,2.2,1996,1812881,82
4,2,945,92,92,0.20,0.20,116107,76904,0.00,0.00,0.00,0.00,0.00,0.00,0.00,18.60,58.00,2.2,1454,1546534,96
4,3,1370,94,118,0.80,1.00,25625,99074,0.00,0.00,0.00,0.00,1.80,1.60,1.60,70.20,101.80,1.0,418,1113077,91
0,0,3197,108,72,0.20,0.20,6617,20668,0.00,0.00,0.00,0.00,0.00,0.00,0.00,15.20,16.80,1.8,1399,1753960,89
58,38,6469,314,340,0.40,0.40,461409,283782,25.15,86.03,184.63,344.51,5.39,60.28,100.80,57.68,242.71,3.8,122,999623,72
9,2,2285,157,109,6.79,19.96,23730,46926,0.00,0.00,0.00,0.00,0.20,7.98,8.58,230.94,432.14,1.4,562,1080802,76
2,0,303,27,24,1.60,1.60,31748,14620,0.00,0.00,0.00,0.00,0.00,1.20,1.40,141.00,124.00,1.2,6738,1853766,92
1,0,2486,135,99,0.40,0.80,44382,30344,0.00,0.00,0.00,0.00,0.00,0.00,0.00,36.80,34.80,2.0,437,1754147,89
21,6,5456,485,304,11.40,11.00,390051,40479,1.00,1.00,1.00,0.00,0.80,46.80,49.60,538.20,1260.40,1.0,530,982954,56
25,6,4636,705,485,6.60,2.20,467038,275586,3.60,5.20,5.00,0.00,4.40,4.80,7.60,340.00,489.00,5.8,326,1546581,66
7,0,2719,417,373,7.60,2.00,208007,21557,0.00,0.00,0.00,0.00,0.80,0.00,0.00,356.80,513.20,2.4,1566,1778386,80
106,49,2258,270,216,2.00,2.00,138625,103691,0.00,0.00,0.00,0.00,0.20,12.60,16.00,88.00,198.40,1.0,883,1010248,86
22,4,1650,223,205,1.80,1.60,33024,29856,6.60,24.60,75.80,196.20,1.60,20.00,105.80,92.60,167.80,4.5,158,1058141,86
4,2,2677,248,142,1.80,4.20,231107,38426,0.00,0.00,0.00,0.00,0.00,2.20,2.80,108.20,259.80,1.8,760,1117523,84
22,31,1564,89,75,0.40,0.40,31239,39031,0.80,0.80,0.80,0.00,0.40,2.20,2.60,40.60,36.40,367,95,5,0
1,0,3002,255,182,0.20,0.20,43151,35724,3.59,5.39,5.19,0.00,1.00,8.58,8.78,18.16,55.49,2.5,191,992311,89
18,4,3962,614,560,0.40,0.80,699997,400422,3.00,15.00,36.60,87.00,1.60,12.60,27.40,37.80,78.40,3.2,144,1396888,87
2,0,2959,372,250,1.40,1.40,946962,160148,9.00,37.60,87.60,228.80,0.00,31.40,49.60,82.00,194.80,1.0,152,1034645,82
0,0,3896,199,156,0.60,2.79,130609,63759,2.79,4.99,4.99,0.00,0.80,4.39,4.39,22.95,79.44,2.7,146,983954,88
2,1,837,42,50,0.40,0.60,3692,32235,0.00,0.00,0.00,0.00,0.20,1.00,1.00,32.00,179.80,1.5,771,1032677,95
4,0,889,77,36,2.59,5.19,134414,28946,0.00,0.00,0.00,0.00,0.00,7.19,12.38,234.73,208.78,1.4,6376,1847115,87
5,2,2157,180,105,2.80,3.40,191243,48792,5.00,18.40,30.20,44.80,1.00,5.60,5.80,160.20,297.40,3.6,168,1039970,86
5,0,1492,40,33,1.20,1.20,32114,19663,0.80,0.80,0.80,0.00,0.00,5.01,6.81,102.61,115.83,1.0,153,1066347,92
7,0,2834,43,43,1.60,1.60,110077,45701,0.00,0.00,0.00,0.00,0.00,1.20,2.20,102.80,201.80,2.2,1366,1637480,91
10,3,3768,463,264,2.20,0.80,235474,60534,8.80,11.60,12.80,3.80,25.60,8.20,9.20,118.80,233.20,1.0,157,1099117,81
4,1,2474,336,296,3.60,1.00,456198,349894,0.00,0.00,0.00,0.00,0.00,26.00,51.40,170.40,244.00,1.2,5872,1841914,83
13,1,3501,353,147,5.99,6.79,251468,31489,4.79,18.76,65.07,111.98,2.99,54.09,56.09,350.90,687.82,1.0,125,1084677,69
5,0,5369,247,227,3.01,2.81,149397,215582,5.41,12.63,25.45,41.08,2.20,13.43,15.03,146.29,299.80,3.2,181,993226,79
17,8,2515,293,132,2.20,2.20,513694,197703,0.80,0.80,0.80,0.00,1.00,7.39,9.18,134.33,257.49,1.2,441,1017961,82
28,44,1901,49,46,0.20,0.20,1549,7356,0.00,0.00,0.00,0.00,0.00,0.00,0.00,22.40,21.00,2.2,978,1761437,85
40,54,3432,390,328,3.41,4.81,415685,259602,13.23,27.66,36.87,58.32,8.22,9.82,9.82,166.93,396.59,1.5,401,1098783,77
5,2,2468,99,97,0.40,0.40,152648,32618,0.00,0.00,0.00,0.00,0.00,2.80,3.20,32.40,50.60,3.2,3414,1551606,95
5,0,3138,132,93,1.20,1.80,132558,48767,4.00,7.40,7.40,0.00,0.00,8.80,15.40,101.60,139.40,1.2,284,1001408,84
24,8,4345,269,206,2.80,1.80,393404,68604,7.20,13.00,12.60,0.00,1.60,4.60,5.80,170.40,235.60,347,83,17,0
2,0,238,22,35,0.20,0.20,4108,30354,0.00,0.00,0.00,0.00,0.00,0.00,0.00,17.37,16.77,2.0,6549,1702609,98
1,0,3483,294,283,0.80,2.60,621569,553056,18.80,70.80,183.60,384.60,6.00,44.80,83.20,41.80,75.20,6.2,132,994390,76
2,0,1240,87,83,0.40,0.60,21455,50048,0.60,0.80,0.80,0.00,0.00,3.99,6.39,75.45,104.99,679,93,7,0
0,0,2743,95,99,0.20,0.20,3089,5280,0.00,0.00,0.00,0.00,0.00,0.40,0.40,15.57,16.97,2.0,628,1755138,89
3,1,3736,161,145,0.40,0.40,10611,211654,0.40,0.40,0.40,0.00,0.20,1.80,1.80,31.54,60.08,2.2,277,1382574,92
1,0,5527,192,147,0.20,0.20,265066,88570,4.78,9.56,25.10,58.37,3.19,12.75,20.52,16.14,138.45,1.5,126,1010410,89
31,16,4495,326,186,3.40,4.40,356965,122565,0.00,0.00,0.00,0.00,0.00,1.80,1.80,211.00,418.20,6.2,1543,1328674,79
14,2,3770,339,231,1.00,1.20,410959,94864,5.00,10.00,18.40,46.80,2.40,21.20,23.80,104.00,164.20,4.4,153,1529242,85
2,1,4569,334,195,0.20,0.20,14031,82179,0.00,0.00,0.00,0.00,0.00,2.40,3.60,17.00,86.80,2.0,587,1077120,87
29,3,4067,174,126,2.80,3.00,296780,169853,7.20,33.80,70.40,183.00,0.80,18.00,21.20,211.40,349.00,5.4,179,1313411,82
0,0,153,11,22,0.20,0.20,3693,1972,0.00,0.00,0.00,0.00,0.00,0.20,0.40,15.60,16.80,1.0,6477,1871658,99
2,2,891,95,80,0.60,2.20,260246,123445,21.44,37.27,53.31,107.21,15.23,17.84,30.46,35.07,100.40,1.0,159,1032980,90
14,2,1965,256,109,1.39,1.79,338545,17826,0.20,0.20,0.20,0.00,3.97,7.54,11.71,99.60,189.68,2.8,305,996413,89
5,1,5473,335,200,1.00,1.00,908732,64771,0.00,0.00,0.00,0.00,0.00,0.80,1.00,71.20,130.60,1.0,480,1074680,85
1,0,1086,222,94,0.20,0.20,254286,276011,5.20,11.00,15.20,10.00,0.00,2.40,2.40,22.00,38.40,127,92,8,0
116,52,1417,197,142,3.60,6.20,165098,108109,3.00,12.80,12.80,0.00,1.60,23.80,33.80,190.80,343.20,1.0,311,982754,84
1,0,433,72,108,0.20,0.20,41766,51175,2.60,5.20,3.80,0.00,0.00,0.80,0.80,23.80,22.80,3.0,511,1715755,95
43,25,6291,390,288,4.60,5.60,257974,192468,0.80,5.40,1.20,0.00,1.40,1.40,2.00,223.80,379.00,7.0,2339,1327936,74
3,0,1960,164,105,0.60,0.80,186247,42768,7.19,26.55,49.30,92.22,1.20,45.71,48.90,51.50,113.77,3.8,136,1104960,86
11,1,4377,151,157,2.40,2.60,143728,165257,4.00,46.80,208.40,525.00,0.20,2.40,3.40,161.60,259.80,4.4,623,1622459,81
26,38,396,80,26,0.60,0.60,414176,17481,0.00,0.00,0.00,0.00,0.00,0.00,0.00,40.80,44.80,1.2,912,1762022,94
57,71,1776,170,126,0.40,0.60,6148,30329,0.00,0.00,0.00,0.00,0.20,1.20,1.20,36.27,74.15,1.0,347,1093060,89
25,9,2112,155,98,2.79,6.19,149522,27273,2.99,3.99,19.96,32.53,1.40,16.77,22.16,163.87,406.59,1.2,1645,951912,80
5,1,2598,182,69,0.60,1.20,756698,13776,0.00,0.00,0.00,0.00,0.00,0.40,0.80,64.60,84.20,2.8,2569,1702059,91
0,0,221,31,31,0.20,0.20,15128,19723,0.00,0.00,0.00,0.00,0.00,2.20,3.00,16.60,26.80,1.0,661,1734496,96
6,2,1322,51,51,0.40,0.40,27582,35275,2.99,3.99,3.99,0.00,0.00,2.40,2.99,35.33,43.91,334,95,5,0
2,1,415,58,31,1.40,1.20,126763,56055,0.00,0.00,0.00,0.00,0.00,0.00,0.00,79.80,128.60,3.4,824,1722403,95
1,0,2284,92,62,0.20,0.20,20074,11558,0.00,0.00,0.00,0.00,0.00,0.20,0.20,16.80,17.20,1.8,828,1750747,87
5,4,4051,210,173,0.60,1.20,23850,49089,0.00,0.00,0.00,0.00,0.00,2.20,2.80,66.00,73.40,1.5,710,990808,91
3,0,1905,173,129,1.00,1.00,165380,57897,0.00,0.00,0.00,0.00,0.00,1.00,1.40,126.95,99.40,1.5,943,1045870,89
4,0,4182,383,239,2.20,1.60,556305,413659,0.00,0.00,0.00,0.00,0.00,4.80,8.80,131.40,195.00,1.8,3443,1041373,86
19,28,454,198,62,0.20,0.20,328739,239199,0.00,0.00,0.00,0.00,0.00,0.20,0.20,15.60,40.20,2.2,1537,1746402,95
1,0,944,110,77,0.40,0.20,8785,20711,0.00,0.00,0.00,0.00,0.00,3.20,3.60,16.80,26.00,1.0,778,1020872,94
3,0,1876,188,110,2.80,3.00,44356,69197,0.00,0.00,0.00,0.00,0.00,0.00,0.00,208.40,321.60,2.6,2633,1702410,84
2,1,2201,96,49,0.60,1.40,365028,209294,0.00,0.00,0.00,0.00,0.00,41.20,81.00,59.60,146.80,3.2,2689,1730584,90
20,17,4119,280,171,0.60,0.60,401636,245747,0.00,0.00,0.00,0.00,0.00,3.00,5.00,119.00,55.20,4.0,1686,1325539,90
29,38,397,45,14,2.20,2.20,82212,8322,0.00,0.00,0.00,0.00,0.00,2.00,2.20,212.77,172.26,1.4,11431,1877507,88
2,1,1228,50,51,0.80,1.80,137951,42570,0.00,0.00,0.00,0.00,0.00,0.20,0.20,49.60,54.40,1.6,8293,1838978,96
14,12,4939,475,300,1.00,1.20,530441,632132,4.00,8.40,8.20,0.00,0.60,2.00,2.00,58.80,101.00,2.2,211,1042893,85
2,0,1861,223,120,0.80,0.60,232693,29510,0.00,0.00,0.00,0.00,0.60,4.60,4.80,56.20,136.60,2.2,434,1104610,92
11,3,2311,197,96,1.40,1.40,142319,28945,5.80,8.20,31.00,47.40,1.40,2.20,10.60,79.00,119.60,2.5,142,1112250,87
159,40,2443,299,262,1.00,1.00,240375,209450,0.00,0.00,0.00,0.00,0.20,18.20,34.00,80.40,154.60,2.8,536,1069565,87
68,77,2774,217,152,3.61,6.21,180351,57275,1.80,3.81,3.81,0.00,1.20,4.61,8.22,236.07,415.83,2.7,324,1055946,82
3,2,3833,575,489,0.80,2.20,43967,39891,0.00,0.00,0.00,0.00,0.00,0.40,0.40,119.80,57.60,2.2,1505,1725224,86
9,1,2707,183,125,0.20,0.20,36566,35855,0.00,0.00,0.00,0.00,0.00,1.20,1.40,18.20,28.20,3.0,1282,1058850,94
3,0,4944,257,200,0.60,2.00,228459,144888,0.00,0.00,0.00,0.00,0.20,4.00,5.00,84.00,82.60,3.0,2246,1533838,87
34,44,2335,167,135,1.78,0.59,125037,31276,0.00,0.00,0.00,0.00,4.36,3.37,3.56,101.78,185.74,2.6,587,1012445,89
11,1,2230,129,101,7.40,22.60,111719,49997,0.60,0.60,0.60,0.00,0.00,3.40,4.00,279.20,531.20,2.2,506,1078693,74
21,29,282,45,15,0.20,0.20,263872,15322,0.00,0.00,0.00,0.00,0.00,0.00,0.00,22.24,21.64,1.6,7862,1872056,96
3,0,1624,113,108,0.60,0.80,9744,23072,0.00,0.00,0.00,0.00,0.00,0.00,0.00,52.60,65.60,2.0,1172,971102,96
16,14,2626,218,118,1.00,1.00,773291,99704,0.80,1.60,1.60,0.00,0.20,3.20,5.60,48.00,216.00,6.4,627,1308659,87
50,1,3760,512,424,5.40,5.00,309000,188453,8.40,14.00,21.00,19.00,1.60,53.60,56.40,218.80,458.40,1.3,217,1085466,75
66,80,4529,182,149,2.80,4.20,98313,86538,0.00,0.00,0.00,0.00,0.00,0.60,1.20,185.00,234.60,4.8,1782,1531538,81
39,61,2039,197,115,0.80,5.60,246681,29935,0.00,0.00,0.00,0.00,0.00,13.60,13.80,70.40,194.60,2.2,2055,1413619,88
18,0,5276,681,528,8.00,2.20,353135,151126,1.60,1.60,1.60,0.00,0.20,2.20,3.80,375.80,566.00,6.2,231,1544432,73
16,2,2557,384,123,1.60,1.40,119766,29714,0.00,0.00,0.00,0.00,0.00,46.31,48.30,148.70,242.91,2.2,2370,1511946,87
4,4,1901,213,103,0.40,0.80,616593,504045,0.00,0.00,0.00,0.00,0.00,5.39,10.18,41.32,79.64,4.6,3058,1032533,90
19,24,873,110,99,2.20,1.00,110991,25644,0.00,0.00,0.00,0.00,0.00,0.00,0.00,142.40,178.80,1.8,1024,1762342,87
1,0,845,63,56,0.60,0.80,13187,19673,0.00,0.00,0.00,0.00,0.00,0.40,0.40,44.40,99.60,1.0,671,1033102,94
4,2,2741,250,155,0.80,1.20,768769,116500,1.00,1.20,1.20,0.00,2.59,9.78,9.98,74.85,303.19,1.2,323,1018675,86
7,5,1341,240,120,0.40,0.60,718437,672290,0.00,0.00,0.00,0.00,0.00,7.60,15.00,42.80,52.80,4.8,2532,1037078,90
7,4,2319,174,120,2.00,5.60,112936,112075,3.20,19.40,57.60,112.20,0.80,0.80,0.80,180.60,340.40,1.0,185,1060130,84
18,14,1344,412,179,0.40,0.40,595473,535206,5.59,10.78,9.78,0.00,2.20,1.00,1.20,38.52,98.20,343,89,11,0
7,0,2067,151,63,1.80,2.00,205488,170521,3.60,5.60,5.40,0.00,0.00,1.00,1.20,87.60,150.00,3.6,316,1331270,91
10,5,1610,189,99,1.60,0.80,30160,16340,0.00,0.00,0.00,0.00,0.00,17.96,17.96,98.60,212.57,2.2,986,972040,90
2,0,1343,194,65,0.40,0.40,104806,14598,0.00,0.00,0.00,0.00,0.00,1.40,1.60,27.40,48.60,2.2,6218,1725992,95
0,0,186,17,29,0.20,0.20,463,2680,0.00,0.00,0.00,0.00,0.00,0.00,0.00,15.60,16.80,1.0,7420,1866392,97
9,5,3414,433,231,1.60,6.01,323068,110155,0.00,0.00,0.00,0.00,0.60,11.02,18.84,100.40,201.00,1.5,512,1096037,81
11,6,1512,98,59,0.40,0.40,313126,16402,3.20,4.20,5.20,11.40,3.60,3.00,4.20,39.80,53.60,163,92,7,0
1,0,1635,173,114,0.60,0.80,111740,27259,0.00,0.00,0.00,0.00,0.00,19.60,32.60,56.40,70.40,1.8,994,1127674,90
0,0,266,19,43,0.20,0.20,4582,15903,0.00,0.00,0.00,0.00,0.00,0.00,0.00,15.40,16.80,1.2,7293,1875112,99
1,0,490,53,48,1.20,0.60,36794,7750,0.00,0.00,0.00,0.00,0.00,0.00,0.00,74.40,94.80,2.6,965,1761134,91
11,5,1302,166,145,2.20,2.40,78127,33561,0.00,0.00,0.00,0.00,0.00,1.40,1.40,121.60,169.60,4.0,648,976386,91
9,6,3915,169,121,3.00,3.40,170292,27567,1.80,2.20,2.20,0.00,1.40,3.60,5.00,262.40,366.40,2.7,421,1026229,84
0,0,303,48,38,0.40,0.40,956,8918,0.00,0.00,0.00,0.00,0.00,9.00,17.20,35.20,49.20,1.0,606,1725613,96
3,1,565,74,42,1.80,2.00,178698,115623,0.00,0.00,0.00,0.00,0.00,2.80,3.80,186.20,152.60,1.0,5270,1839325,90
5,0,2877,102,83,0.20,0.20,70516,4055,0.60,0.60,0.60,0.00,0.00,5.00,14.00,21.80,118.80,2.2,649,1412344,92
1,0,264,20,33,1.20,0.80,42849,13858,0.00,0.00,0.00,0.00,0.00,0.20,0.40,59.20,68.60,1.2,7047,1844979,96
19,4,3273,318,255,3.00,1.20,164691,56358,0.00,0.00,0.00,0.00,0.20,2.40,2.40,156.00,255.20,434,86,12,0
3,1,579,57,39,2.00,2.00,151855,149247,0.00,0.00,0.00,0.00,0.00,1.80,1.80,200.20,155.80,1.6,5528,1842536,90
25,8,5080,843,736,8.40,6.20,662262,507951,28.80,73.80,148.00,340.20,2.40,76.80,107.60,445.80,939.80,3.0,119,1030128,51
4,1,769,95,96,0.40,0.40,183897,306485,45.00,95.20,105.00,22.00,0.40,0.40,2.60,31.60,105.40,4.0,182,1708040,86
7,1,4102,396,179,2.20,6.19,1173991,69739,5.39,19.96,43.11,55.49,0.20,21.56,27.15,119.16,271.06,3.2,141,1079395,79
3,0,1405,131,122,0.80,0.60,187208,41824,1.20,1.40,1.40,0.00,0.00,2.40,4.20,50.80,97.20,3.0,301,1114336,92
59,64,1246,160,192,1.00,0.80,149778,130773,0.00,0.00,0.00,0.00,0.00,5.60,14.00,61.60,132.00,2.4,1929,1537322,90
6,0,1981,108,56,1.40,2.40,48258,15708,0.00,0.00,0.00,0.00,0.00,7.58,7.98,166.27,233.33,2.5,647,1069704,87
68,71,2893,259,102,3.00,3.60,317902,77606,16.20,28.80,72.00,109.60,13.00,20.80,28.20,208.60,493.80,1.0,189,972046,78
56,62,7214,430,266,5.00,2.80,541187,136387,0.00,0.00,0.00,0.00,0.00,2.40,3.00,275.00,525.20,4.2,656,1341658,77
14,2,4725,247,161,10.62,33.87,464922,45701,1.20,1.40,1.40,0.00,0.80,5.41,5.81,349.30,719.64,1.0,174,1090443,58
29,43,2026,112,101,0.40,1.80,106168,95221,0.00,0.00,0.00,0.00,0.00,0.00,0.00,64.40,47.20,2.4,2107,1550110,93
5,0,2053,297,504,4.00,3.00,58759,55921,0.00,0.00,0.00,0.00,0.00,3.20,4.40,173.20,270.60,3.0,733,1703618,85
24,20,1737,263,145,3.40,4.40,305734,188601,0.00,0.00,0.00,0.00,0.00,1.40,2.00,222.60,337.20,5.2,2666,1603402,86
24,31,489,61,133,0.20,0.20,38044,33334,0.00,0.00,0.00,0.00,0.20,0.80,0.80,17.20,24.60,2.2,1099,1717939,96
1,0,2285,92,135,0.20,0.20,11706,25473,0.00,0.00,0.00,0.00,0.00,1.20,1.80,15.60,21.60,3.0,1337,1724755,95
2,0,2727,167,149,0.80,1.00,748996,23904,2.40,2.60,2.60,0.00,0.60,0.00,0.00,50.20,69.60,2.8,257,1708933,92
1,1,170,13,17,0.20,0.20,31363,11635,0.00,0.00,0.00,0.00,0.00,0.20,0.40,16.40,18.00,1.0,7248,1875328,98
16,22,349,24,15,1.60,1.60,33103,18390,0.00,0.00,0.00,0.00,0.00,1.00,1.60,124.35,123.55,1.2,7758,1865076,92
38,56,1193,88,85,0.20,0.20,6800,23963,0.00,0.00,0.00,0.00,0.00,0.60,0.60,16.20,49.20,2.6,765,1131310,93
6,4,368,174,58,0.20,0.20,297361,287679,0.00,0.00,0.00,0.00,0.00,0.00,0.00,17.40,17.20,2.2,5448,1828048,97
59,75,3562,297,259,0.20,0.20,49443,74684,0.00,0.00,0.00,0.00,0.60,6.01,9.02,17.23,69.94,2.2,419,1054597,87
32,43,1579,171,601,0.20,0.20,24849,93532,0.00,0.00,0.00,0.00,0.00,0.60,0.60,15.60,30.00,2.8,1334,1704886,92
6,5,3792,191,115,0.20,0.20,18171,35150,0.00,0.00,0.00,0.00,0.00,1.20,1.80,19.80,28.20,1.5,541,1119909,91
17,24,344,113,35,0.20,0.20,179355,7812,0.00,0.00,0.00,0.00,0.00,0.20,0.20,17.20,22.00,1.6,6461,1871491,96
7,5,1021,141,101,0.20,0.20,69214,35381,2.20,2.20,2.60,0.80,0.40,1.60,2.00,29.60,58.40,291,94,6,0
0,0,568,54,50,0.40,0.60,4835,16186,0.00,0.00,0.00,0.00,0.00,0.20,0.20,33.60,78.00,1.0,715,1033664,95
3,1,927,88,52,0.40,0.40,19803,23188,0.00,0.00,0.00,0.00,0.00,0.20,0.20,35.13,44.11,1.4,1102,1741247,96
15,11,2889,315,128,4.19,4.19,94530,30267,19.36,48.90,136.93,322.55,0.60,10.78,14.37,290.82,515.57,2.0,121,1010938,77
4,1,2922,182,235,0.80,3.60,602110,663645,0.80,1.60,1.60,0.00,0.40,37.40,66.60,46.80,110.00,2.8,481,1037405,79
7,2,1210,151,82,3.40,2.40,327843,26844,11.80,35.40,62.20,117.40,0.40,14.40,16.60,129.60,237.60,1.8,239,1020592,88
3,0,2071,226,253,0.40,0.40,572187,483574,9.40,87.60,205.20,491.00,0.20,62.40,118.00,42.80,90.80,3.7,124,1037978,81
21,10,1562,142,144,1.60,1.00,50456,95182,0.00,0.00,0.00,0.00,0.60,12.60,15.40,79.80,157.80,1.7,655,1053592,90
29,38,328,24,18,0.60,0.80,49477,8454,0.00,0.00,0.00,0.00,0.00,0.00,0.00,33.60,55.80,2.2,3435,1819314,96
4,1,5370,251,150,2.40,4.00,183113,60491,0.00,0.00,0.00,0.00,0.00,1.20,1.20,200.20,273.20,2.8,1386,1390003,85
1,0,4146,275,190,1.20,3.40,823128,82198,8.80,14.40,10.20,0.00,0.80,1.60,2.40,46.40,70.00,2.8,269,1752118,87
8,1,2830,292,266,2.20,4.99,27269,46849,0.00,0.00,0.00,0.00,0.20,5.19,7.58,189.22,223.15,3.0,746,1535593,86
7,0,4394,752,639,4.81,3.61,680353,385683,0.00,0.00,0.00,0.00,2.81,3.21,3.41,258.32,389.38,5.6,540,1015469,76
2,1,452,116,58,0.40,0.40,255513,172909,0.00,0.00,0.00,0.00,0.00,2.20,2.80,36.20,42.20,2.8,4047,1827405,91
4,0,1917,195,155,1.60,0.60,89080,73434,0.00,0.00,0.00,0.00,0.00,0.60,0.80,80.24,179.84,1.0,1156,1013640,90
54,62,1101,104,81,1.80,1.60,241932,82941,5.80,8.20,11.20,10.60,3.60,4.20,4.80,98.00,193.60,2.8,262,1536664,90
15,13,2711,196,128,0.60,1.40,132298,107739,2.20,5.20,15.20,25.20,2.60,2.20,3.60,40.00,68.40,1.0,131,1127534,88
0,0,166,10,14,0.20,0.20,425,9930,0.00,0.00,0.00,0.00,0.00,0.00,0.00,15.60,16.80,1.0,7202,1874064,98
17,4,3846,336,330,4.99,3.79,556898,415572,1.40,1.60,6.19,16.57,0.20,35.53,70.26,251.70,365.07,6.8,461,1544899,73
16,11,4775,249,162,1.00,1.80,336027,29890,0.00,0.00,0.00,0.00,0.00,5.41,7.41,85.37,183.17,2.2,2037,969858,86
0,0,810,45,21,0.40,0.40,108170,5654,0.00,0.00,0.00,0.00,0.00,0.00,0.00,74.00,76.00,1.4,5136,1830157,96
4,1,3423,104,94,1.40,1.80,57427,32880,1.40,1.60,1.60,0.00,0.40,0.20,0.20,82.63,153.29,2.2,261,1527663,91
0,0,4146,273,214,0.20,0.20,530070,25740,10.78,42.91,130.54,353.89,0.00,64.47,128.14,15.17,31.74,2.4,109,1013046,85
43,59,3706,248,182,1.00,2.60,42272,97027,0.00,0.00,0.00,0.00,0.00,1.00,1.00,89.20,138.40,1.3,926,1122056,82
3,0,4505,269,154,0.60,0.60,144699,54580,0.00,0.00,0.00,0.00,0.40,4.40,7.80,52.00,72.00,1.0,478,1128262,85
33,43,1613,161,110,0.20,0.20,11850,28651,2.00,2.80,2.40,0.00,1.40,4.00,4.80,18.20,120.40,1.0,253,1021384,92
17,10,2072,361,203,3.20,9.00,863910,370839,0.00,0.00,0.00,0.00,1.60,57.80,63.20,129.60,388.60,4.0,712,1037512,80
0,0,139,10,15,0.20,0.20,1088,12201,0.00,0.00,0.00,0.00,0.00,0.00,0.00,15.97,16.77,1.0,6570,1847401,99
0,0,1944,114,133,0.20,0.20,10959,36319,1.00,1.80,1.80,0.00,0.00,1.80,3.00,13.20,44.20,2.0,136,1053427,94
1,0,2100,78,80,0.60,3.00,66955,32083,2.60,3.20,3.20,0.00,0.20,0.20,0.20,21.40,33.20,2.0,263,1752520,94
12,5,3132,204,169,0.60,1.40,139503,19639,5.00,15.40,24.00,42.40,1.20,3.00,23.40,45.20,105.40,1.5,316,981682,89
2,0,1328,51,34,1.20,1.20,37888,19887,0.00,0.00,0.00,0.00,0.00,1.20,2.00,113.37,97.21,1.0,8554,1863067,93
3,1,2215,179,112,0.40,0.40,72784,88980,5.00,24.40,44.60,92.00,1.20,9.00,13.80,29.00,81.40,2.0,136,1051462,90
7,0,3826,270,255,7.41,21.44,121829,110094,0.40,0.40,0.40,0.00,8.22,9.22,10.22,247.50,469.94,1.0,302,1093433,72
20,2,1169,194,195,0.40,0.80,312017,259833,1.80,2.00,22.60,44.40,0.40,31.60,60.60,35.00,75.40,227,86,13,0
63,32,2861,367,203,7.40,20.40,990088,106603,2.40,10.00,10.00,0.00,0.60,8.20,10.20,272.60,508.60,1.0,381,1098014,74
1,0,1755,156,129,0.80,0.80,15060,6223,0.00,0.00,0.00,0.00,0.00,1.60,2.60,52.60,83.80,2.2,336,1381960,95
1,0,1274,150,91,0.20,0.20,62260,37831,0.00,0.00,0.00,0.00,0.00,0.20,0.20,18.40,36.60,3.2,655,1630731,95
1,0,1550,212,190,0.60,2.20,79081,70944,0.00,0.00,0.00,0.00,0.20,6.80,6.80,50.80,84.20,3.2,611,1050608,92
2,0,432,43,19,2.00,2.00,92598,57906,0.00,0.00,0.00,0.00,0.00,2.00,3.60,197.20,164.00,1.2,7854,1867176,87
0,0,391,36,32,0.20,0.20,10449,14088,0.00,0.00,0.00,0.00,0.00,0.00,0.00,15.57,16.77,1.2,1004,1758116,92
27,37,2024,128,120,1.40,2.00,206529,22860,0.00,0.00,0.00,0.00,0.40,2.20,2.20,89.42,122.95,2.0,1069,1053356,90
10,7,1323,101,112,0.40,0.40,62393,90762,1.00,1.00,1.00,0.00,0.40,0.00,0.00,43.40,53.00,2.6,284,1535160,94
5,1,4030,270,223,0.80,1.20,23443,90985,0.60,2.40,1.20,0.00,2.00,7.80,12.60,53.40,86.40,3.2,511,1629358,84
28,40,3732,224,132,1.00,0.80,250893,27310,0.00,0.00,0.00,0.00,0.00,10.20,10.20,64.20,172.40,2.8,512,1383642,87
0,0,228,31,36,0.20,0.20,854,10593,0.00,0.00,0.00,0.00,0.00,0.00,0.00,15.40,16.80,2.0,1017,1761517,91
7,6,1659,203,145,1.00,1.00,446789,242518,8.22,15.83,10.22,0.00,0.40,2.40,2.40,339.08,129.86,2.0,289,1116319,83
1,1,1534,182,94,0.20,0.20,4389,14758,0.00,0.00,0.00,0.00,0.00,1.00,1.00,17.76,20.36,1.2,399,1117269,92
1,0,2666,245,150,0.20,0.20,91155,77414,0.00,0.00,0.00,0.00,0.00,69.74,73.95,23.45,36.47,1.5,497,1058100,84
65,60,2116,279,191,4.59,2.79,138385,54700,0.00,0.00,0.00,0.00,0.20,8.18,11.78,239.92,384.43,2.0,384,963949,82
72,79,3435,381,410,2.40,2.59,389074,487297,27.74,49.30,83.03,102.59,4.39,22.36,26.95,146.91,346.71,1.0,199,996364,73
3,0,1923,176,77,1.20,1.40,115148,36799,0.40,0.40,0.40,0.00,0.80,2.20,2.20,95.00,143.80,1.0,176,1126896,91
54,21,3709,243,140,4.60,5.40,265286,116407,0.00,0.00,0.00,0.00,0.00,4.20,6.40,285.60,428.40,5.6,2836,1565138,82
15,21,390,60,39,0.20,0.20,4844,10564,0.00,0.00,0.00,0.00,0.20,0.00,0.00,15.60,16.80,2.0,693,1722062,96
1,0,841,49,52,0.80,1.40,2567,27968,0.00,0.00,0.00,0.00,0.00,0.00,0.00,67.20,71.80,1.0,7750,1879542,94
3,1,2307,114,105,0.40,1.80,31281,113104,0.00,0.00,0.00,0.00,0.00,0.40,0.40,19.60,35.20,2.4,3103,1656325,93
45,51,3855,184,200,1.80,1.80,226375,171511,0.00,0.00,0.00,0.00,0.00,1.00,2.00,101.40,141.40,4.8,1533,1640438,88
2,1,1700,86,71,0.20,0.20,2382,9266,0.00,0.00,0.00,0.00,0.00,0.20,0.20,15.40,17.40,2.0,6339,1722656,96
1,0,1380,58,61,0.20,0.20,54217,79770,0.00,0.00,0.00,0.00,0.00,0.00,0.00,16.60,17.60,2.0,4671,1726971,95
4,1,852,182,73,1.80,0.60,800804,14083,0.00,0.00,0.00,0.00,0.00,0.00,0.00,95.80,124.40,2.6,6792,1842634,92
2,0,534,75,53,2.20,2.20,57506,28455,0.40,0.40,0.40,0.00,0.00,0.80,0.80,170.60,157.60,1.2,359,1813328,85
9,1,3097,377,201,1.40,1.20,89157,69225,0.00,0.00,0.00,0.00,0.20,6.80,8.60,72.80,134.20,2.5,940,1095928,85
43,56,1826,118,95,0.80,0.80,18516,28681,0.00,0.00,0.00,0.00,0.00,12.57,13.17,135.53,131.54,1.0,836,964444,90
60,71,2647,289,300,1.00,3.20,32797,37359,0.00,0.00,0.00,0.00,0.00,17.20,17.40,58.00,100.60,1.0,505,1101470,88
1,1,2428,93,86,0.20,0.20,88628,23314,0.00,0.00,0.00,0.00,0.00,0.00,0.00,15.80,16.80,1.4,8464,1882056,95
9,0,3034,446,397,8.20,2.20,210022,18396,0.00,0.00,0.00,0.00,0.00,0.20,0.40,385.40,557.60,1.4,1532,1747277,80
0,0,319,57,14,0.20,0.20,352084,12848,0.00,0.00,0.00,0.00,0.00,0.00,0.00,15.60,17.20,1.4,9231,1867534,96
0,0,128,8,11,0.20,0.20,430,8983,0.00,0.00,0.00,0.00,0.00,0.60,0.80,15.77,17.17,1.0,606,1729525,98
18,25,223,21,32,0.20,0.20,1187,21394,0.00,0.00,0.00,0.00,0.00,0.20,0.20,21.80,18.80,1.6,4123,1780992,90
7,1,1280,91,50,1.80,3.00,131362,16863,0.00,0.00,0.00,0.00,0.00,1.40,1.60,82.00,128.60,916,93,7,0
5,0,2014,171,95,4.00,3.60,127863,8310,0.00,0.00,0.00,0.00,0.00,0.60,0.80,219.00,332.80,2.2,1512,1747224,86
4,2,2865,368,134,0.20,0.20,2263